* Exp
** Relative tolerance 0.001
#+begin_src text

Generated: -40290110544117261361
solmate-exp : 3.0000000000000000000000000000000000000000000000000000000000000000000000000000000000000000004e-18
rust-rug-exp: 3.1785373233778862584421733163685138505584443693764118490523289314866079380207355293500881983e-18

Generated: -36832712385645172034
solmate-exp : 9.9999999999999999999999999999999999999999999999999999999999999999999999999999999999999999973e-17
rust-rug-exp: 1.0086866138136031629170003496116561445696518707388287003600005239687823849612292201915373462e-16

Generated: -40710347379438247094
solmate-exp : 1.9999999999999999999999999999999999999999999999999999999999999999999999999999999999999999997e-18
rust-rug-exp: 2.0879532803412653110637983675298336118746817622230300515983246844232950851175780093883536395e-18
#+end_src

Too close to zero though.
